mass[GeV]	e_e	mu_mu	tau_tau	neutrinos	piGamma	total
0.1	4.319330590313421e-09	0.0	0.0	6.494669966321807e-09	0.0	1.0814000556635229e-08
0.1191919191919192	5.15197570595345e-09	0.0	0.0	7.741121778040153e-09	0.0	1.2893097483993603e-08
0.1383838383838384	5.9841572907131445e-09	0.0	0.0	8.987573589758497e-09	0.0	1.497173088047164e-08
0.1575757575757576	6.81604406066301e-09	0.0	0.0	1.0234025401476827e-08	0.0	1.705006946213984e-08
0.17676767676767677	7.647731747642796e-09	0.0	0.0	1.1480477213195146e-08	0.0	1.9128208960837943e-08
0.19595959595959594	8.479278699216409e-09	0.0	0.0	1.2726929024913458e-08	0.0	2.1206207724129867e-08
0.21515151515151515	9.310722498811708e-09	0.0	0.0	1.3973380836631833e-08	0.0	2.328410333544354e-08
0.23434343434343433	1.0142088445342386e-08	0.0	0.0	1.521983264835011e-08	0.0	2.5361921093692495e-08
0.2535353535353535	1.0973394192030915e-08	0.0	0.0	1.646628446006852e-08	0.0	2.7439678652099435e-08
0.2727272727272727	1.1804652431211929e-08	0.0	0.0	1.77127362717868e-08	0.0	2.951738870299873e-08
0.2919191919191919	1.2635872522242793e-08	0.0	0.0	1.8959188083505105e-08	0.0	3.15950606057479e-08
0.3111111111111111	1.3467061517958063e-08	0.0	0.0	2.0205639895223444e-08	0.0	3.367270141318151e-08
0.3303030303030303	1.429822483384858e-08	0.0	0.0	2.14520917069418e-08	0.0	3.5750316540790376e-08
0.3494949494949495	1.5129366697073748e-08	0.0	0.0	2.2698543518660108e-08	7.612275096472426e-21	3.7827910215741466e-08
0.3686868686868686	1.5960490455414344e-08	0.0	0.0	2.3944995330378424e-08	1.1812099810343398e-18	3.9905485786973975e-08
0.3878787878787878	1.6791598794611458e-08	0.0	0.0	2.51914471420967e-08	1.3692548521919248e-17	4.19830459504007e-08
0.407070707070707	1.7622693894289627e-08	0.0	0.0	2.643789895381511e-08	6.782042650099875e-17	4.406059291592516e-08
0.42626262626262623	1.8453777541799228e-08	0.0	0.0	2.7684350765533436e-08	2.1949509978216305e-16	4.6138128526827766e-08
0.44545454545454544	1.9284851216656578e-08	0.0	0.0	2.8930802577251775e-08	5.506276847770965e-16	4.821565434453603e-08
0.46464646464646464	2.0115916154074058e-08	0.0	0.0	3.017725438897011e-08	1.1666476877512387e-15	5.029317170969186e-08
0.48383838383838385	2.0946973393382112e-08	0.0	0.0	3.142370620068837e-08	2.192964833163354e-15	5.237068178703532e-08
0.503030303030303	2.177802381537425e-08	0.0	0.0	3.2670158012406735e-08	3.771319625574566e-15	5.444818559910061e-08
0.5222222222222221	2.260906817142244e-08	0.0	0.0	3.391660982412502e-08	6.0564814035592496e-15	5.6525684052028864e-08
0.5414141414141413	2.3440107106404452e-08	1.8741407600273e-12	0.0	3.5163061635843445e-08	9.213397361628073e-15	5.860505209640529e-08
0.5606060606060606	2.427114117692334e-08	2.580309510736095e-11	0.0	3.64095134475617e-08	1.3415151038745385e-14	6.070647113474344e-08
0.5797979797979798	2.5102170865911856e-08	9.47061370106368e-11	0.0	3.7655965259280116e-08	1.884193679916839e-14	6.28528611041394e-08
0.598989898989899	2.593319659442891e-08	2.2199893415474016e-10	0.0	3.890241707099852e-08	2.567964166632116e-14	6.505763827922384e-08
0.6181818181818182	2.6764218731260687e-08	4.1455807905270815e-10	0.0	4.0148868882716694e-08	3.4119542162807055e-14	6.732767981257225e-08
0.6373737373737373	2.7595237600788412e-08	6.749116836165439e-10	0.0	4.1395320694435075e-08	4.435688409267926e-14	6.966551433572412e-08
0.6565656565656565	2.8426253489475184e-08	1.0027407295347175e-09	0.0	4.2641772506153503e-08	5.6591945882271975e-14	7.207082331710929e-08
0.6757575757575757	2.925726665124908e-08	1.395909916711152e-09	0.0	4.388822431787163e-08	7.102990702178316e-14	7.454147191573888e-08
0.6949494949494949	3.008827731199492e-08	1.8511735066827006e-09	0.0	4.513467612959008e-08	8.78786487930584e-14	7.70742148269165e-08
0.7141414141414141	3.091928567332047e-08	2.364658048344305e-09	0.0	4.638112794130849e-08	1.0735403975265578e-13	7.966517901701301e-08
0.7333333333333333	3.175029191573282e-08	2.932189333445388e-09	0.0	4.762757975302682e-08	1.2967615358050604e-13	8.23101906783586e-08
0.7525252525252525	3.2581296201328324e-08	3.5495114210016175e-09	0.0	4.887403156474492e-08	1.5507160272433253e-13	8.500499425867758e-08
0.7717171717171717	3.341229867608188e-08	4.21243050278337e-09	0.0	5.012048337646324e-08	1.8377522396426733e-13	8.774539633055244e-08
0.7909090909090909	3.4243299471801584e-08	4.9169065237474276e-09	0.0	5.136693518818172e-08	2.1602825256377397e-13	9.052735721198328e-08
0.81010101010101	3.507429870780683e-08	5.659108599724652e-09	0.0	5.2613386999900014e-08	2.520811245328543e-13	9.334704638855603e-08
0.8292929292929292	3.5905296492373606e-08	6.435445496493918e-09	0.0	5.385983881161846e-08	2.921961932300629e-13	9.620087299667921e-08
0.8484848484848484	3.6736292923982574e-08	7.242579093747283e-09	0.0	5.5106290623336764e-08	3.3664401254454e-13	9.908549928507916e-08
0.8676767676767676	3.756728809240245e-08	8.077426410833108e-09	0.0	5.635274243505499e-08	3.8570741164310046e-13	1.0199784264570218e-07
0.8868686868686868	3.839828207963285e-08	8.93715411618205e-09	0.0	5.7599194246773256e-08	4.3968688398192385e-13	1.0493507012947213e-07
0.906060606060606	3.9229274960726317e-08	9.819168271353988e-09	0.0	5.8845646058491704e-08	4.988915627925478e-13	1.078945881821348e-07
0.9252525252525252	4.0060266804508957e-08	1.0721101230132747e-08	0.0	6.009209787021017e-08	5.636492410249255e-13	1.108740295540929e-07
0.9444444444444443	4.0891257674213005e-08	1.1640797023163722e-08	0.0	6.133854968192835e-08	6.34307470639228e-13	1.1387123868677572e-07
0.9636363636363635	4.172224762803417e-08	1.257629613938122e-08	0.0	6.258500149364678e-08	7.112309130146431e-13	1.1688425649197518e-07
0.9828282828282827	4.255323671962261e-08	1.3525820317725012e-08	0.0	6.383145330536513e-08	7.948079024685128e-13	1.199113051506152e-07
1.002020202020202	4.338422499851851e-08	1.4487757751634648e-08	0.0	6.507790511708335e-08	8.854453110713922e-13	1.2295077331254756e-07
1.0212121212121212	4.42152125105387e-08	1.5460648959836417e-08	0.0	6.632435692880166e-08	9.835787580574191e-13	1.2600120197793483e-07
1.0404040404040404	4.504619929811943e-08	1.6443173472402e-08	0.0	6.75708087405202e-08	1.0896751656309855e-12	1.2906127118620727e-07
1.0595959595959596	4.5877185400622216e-08	1.7434137408364834e-08	0.0	6.881726055223817e-08	1.2042277866169259e-12	1.3212978758901184e-07
1.0787878787878789	4.6708170854608464e-08	1.8432461971291794e-08	0.0	7.006371236395658e-08	1.327765058737769e-12	1.352056729549156e-07
1.097979797979798	4.753915569408318e-08	1.943717285562078e-08	0.0	7.131016417567502e-08	1.4608507580341367e-12	1.3828795357613703e-07
1.1171717171717173	4.8370139950714654e-08	2.0447390534619694e-08	0.0	7.255661598739343e-08	1.6040930481738635e-12	1.4137575056577595e-07
1.1363636363636365	4.9201123654032144e-08	2.146232138710004e-08	0.0	7.380306779911164e-08	1.7581430642216585e-12	1.4446827098330807e-07
1.1555555555555557	5.0032106831603225e-08	2.248124961210887e-08	0.0	7.504951961083006e-08	1.9237023484316697e-12	1.4756479975689059e-07
1.1747474747474747	5.086308950919421e-08	2.3503529876956486e-08	0.0	7.629597142254842e-08	2.1015247429088682e-12	1.5066469233344204e-07
1.1939393939393939	5.169407171091457e-08	2.4528580642850774e-08	0.0	7.75424232342668e-08	2.292426629260384e-12	1.5376736801466141e-07
1.213131313131313	5.2525053459348094e-08	2.5555878113190407e-08	0.0	7.878887504598468e-08	2.4972911676308753e-12	1.5687230390969082e-07
1.2323232323232323	5.3356034775672674e-08	2.6584950751567034e-08	0.0	8.003532685770349e-08	2.717075777634199e-12	1.5997902946072084e-07
1.2515151515151515	5.418701567976577e-08	2.7615374319271182e-08	0.0	8.128177866942161e-08	2.9528183841922653e-12	1.6308712148684275e-07
1.2707070707070707	5.501799619030531e-08	2.8646767385279057e-08	0.0	8.25282304811402e-08	3.20565189600825e-12	1.6619619970862059e-07
1.2898989898989899	5.584897632485648e-08	2.967878726505393e-08	0.0	8.377468229285809e-08	3.4768120517297663e-12	1.6930592269482026e-07
1.309090909090909	5.667995609995595e-08	3.0711126347915286e-08	0.0	8.502113410457662e-08	3.767646376014286e-12	1.7241598419882385e-07
1.3282828282828283	5.751093553118325e-08	3.17435087760597e-08	0.0	8.626758591629505e-08	4.079636017632244e-12	1.7552610985955565e-07
1.3474747474747475	5.834191463323113e-08	3.2775687441532737e-08	0.0	8.751403772801329e-08	4.4144064799462694e-12	1.7863605420925708e-07
1.3666666666666667	5.91728934199671e-08	3.380744127047271e-08	0.0	8.876048953973165e-08	4.773745750519764e-12	1.81745597975922e-07
1.385858585858586	6.000387190449002e-08	3.483857276678559e-08	0.0	9.000694135144988e-08	5.1596304066863074e-12	1.8485454565313216e-07
1.405050505050505	6.083485009918357e-08	3.586890579002772e-08	0.0	9.125339316316838e-08	5.574249436554028e-12	1.8796272330181624e-07
1.4242424242424243	6.166582801576351e-08	3.689828354468522e-08	0.0	9.249984497488635e-08	6.020034132845808e-12	1.9106997656946792e-07
1.4434343434343435	6.249680566532347e-08	3.792656676025162e-08	0.0	9.374629678660506e-08	6.499696850419818e-12	1.9417616890903058e-07
1.4626262626262627	6.332778305837308e-08	3.895363204350851e-08	0.0	9.49927485983229e-08	7.016267246322069e-12	1.972811799674508e-07
1.481818181818182	6.415876020487992e-08	3.997937038625226e-08	0.0	9.623920041004174e-08	7.573149792291817e-12	2.0038490415096623e-07
1.501010101010101	6.498973711429951e-08	4.100368581335332e-08	0.0	9.748565222175987e-08	8.174179983379741e-12	2.0348724932939608e-07
1.52020202020202	6.582071379561143e-08	4.202649415754673e-08	0.0	9.873210403347843e-08	8.823696330562632e-12	2.0658813568296718e-07
1.5393939393939393	6.665169025734648e-08	4.304772194868631e-08	0.0	9.997855584519655e-08	9.52663411191515e-12	2.0968749468534125e-07
1.5585858585858585	6.74826665076162e-08	4.406730540643092e-08	0.0	1.0122500765691519e-07	1.028863244668144e-11	2.1278526820340898e-07
1.5777777777777777	6.831364255413638e-08	4.508518952641141e-08	0.0	1.0247145946863325e-07	1.1116171003555514e-11	2.158814077201846e-07
1.596969696969697	6.914461840425295e-08	4.6101327250930935e-08	0.0	1.037179112803514e-07	1.2016739106212449e-11	2.1897587367464152e-07
1.6161616161616161	6.997559406496281e-08	4.7115678716123204e-08	0.0	1.0496436309206987e-07	1.299904934744828e-11	2.2206863492250332e-07
1.6353535353535353	7.080656954293351e-08	4.8128210568301595e-08	0.0	1.0621081490378819e-07	1.4073315586224395e-11	2.2515966833060953e-07
1.6545454545454545	7.163754484452443e-08	4.913889534294994e-08	0.0	1.0745726671550663e-07	1.5251599636340107e-11	2.282489585026173e-07
1.6737373737373737	7.246851997580215e-08	5.014771090044135e-08	0.0	1.0870371852722485e-07	1.6548278000490794e-11	2.3133649768146887e-07
1.692929292929293	7.329949494255916e-08	5.115463991316369e-08	0.0	1.0995017033894327e-07	1.798066287786735e-11	2.3442228585754403e-07
1.7121212121212122	7.413046975032738e-08	5.215966939923874e-08	0.0	1.1119662215066144e-07	1.956983197599e-11	2.3750633113220352e-07
1.7313131313131314	7.496144440439432e-08	5.31627902985011e-08	0.0	1.1244307396238e-07	2.1341802585428623e-11	2.4058865046786086e-07
1.7505050505050506	7.579241890981506e-08	5.41639970868145e-08	0.0	1.1368952577409856e-07	2.3329151914233416e-11	2.4366927092264235e-07
1.7696969696969698	7.662339327142462e-08	5.51632874251889e-08	0.0	1.1493597758581636e-07	2.5573413181111933e-11	2.46748231695611e-07
1.7888888888888888	7.745436749385289e-08	5.6160661840500236e-08	0.0	1.161824293975351e-07	2.812865235377628e-11	2.49825587384242e-07
1.808080808080808	7.828534158153035e-08	5.7156123434912755e-08	0.0	1.1742888120925302e-07	3.106704418048824e-11	2.529014132698766e-07
1.8272727272727272	7.911631553870366e-08	5.814967762140009e-08	0.0	1.1867533302097134e-07	3.4487960215130814e-11	2.5597581414129023e-07
1.8464646464646464	7.994728936944148e-08	5.914133188298191e-08	0.0	1.1992178483268979e-07	3.853367054403131e-11	2.590489397556572e-07
1.8656565656565656	8.077826307764551e-08	6.013109555354291e-08	0.0	1.211682366444079e-07	4.3418484461422756e-11	2.621210137600577e-07
1.8848484848484848	8.16092366670593e-08	6.111897961828552e-08	0.0	1.2241468845612656e-07	4.948834462878373e-11	2.6519239308610016e-07
1.904040404040404	8.244021014127376e-08	6.210499653205433e-08	0.0	1.2366114026784502e-07	5.7360406115212577e-11	2.682637073472883e-07
1.9232323232323232	8.327118350373779e-08	6.308916005393946e-08	0.0	1.2490759207956294e-07	6.832461340567457e-11	2.7133626025064587e-07
1.9424242424242424	8.410215675776435e-08	6.40714850967068e-08	0.0	1.261540438912816e-07	8.598540567518215e-11	2.7441367115142795e-07
1.9616161616161616	8.493312990653495e-08	6.50519875897371e-08	0.0	1.274004957029997e-07	1.2668530408195187e-10	2.775122985033537e-07
1.9808080808080808	8.576410295311002e-08	6.603068435428718e-08	0.0	1.286469475147184e-07	2.213280134601365e-10	2.806630628355758e-07
2.0	8.65950759004304e-08	6.700759298997839e-08	0.0	1.2989339932643644e-07	3.5962392613316987e-10	2.838556921429784e-07
