 mZQ [GeV]  	  gQ   	   Omega h^2  
0.01 1.9085050340847087e-06 0.12048624680608272
0.021147425268811283 4.287601691681207e-06 0.1197515654130732
0.044721359549995794 9.946513182916939e-06 0.11808627902012694
0.09457416090031759 2.2646492322542275e-05 0.11890582988510488
0.2 5.141692725629671e-05 0.11944566145378989
0.23330580791522335 6.073848244306141e-05 0.11979204331976202
0.2721580000348754 7.181476305786592e-05 0.11980013902530125
0.31748021039363994 7.698652218165504e-05 0.1200389763243057
0.3703498849149162 8.757438935722735e-05 0.12003967245264713
0.4320238955569225 0.00010220338525587855 0.11980803830064582
0.5039684199579494 0.0001200212101523834 0.1201214452391186
0.5878937969102397 0.00014142460306092256 0.12014508084285087
0.6857951862824584 0.00016748662332417955 0.11925472833382171
0.8 0.00019671648687745525 0.11979762449196561
0.8256805536548243 0.00020315927194531486 0.11994327284615929
0.8521854708546714 0.0002100043414248855 0.1199832535364173
0.8795412142398528 0.00021676277330051326 0.12010037471590645
0.9077750959197475 0.00022412874079176152 0.11914272074455493
0.9369153047413479 0.0002296624271708798 0.1200516318505197
0.9669909344331431 0.00023452796224172475 0.11996709808851551
0.9980320126524419 0.00023250400909453724 0.11996944451273873
1.0300695309651335 0.00019748707888765359 0.12036237314188604
1.0631354757878206 0.00015799675516115985 0.11965601300453808
1.097262860323216 0.00011553712579153245 0.11966409761388491
1.1324857575206864 0.00022494745383190172 0.12056182449693016
1.1688393340948542 0.0002681602285259649 0.11988760034447528
1.206359885636219 0.0002840443809269669 0.11997477927017813
1.2450848728488548 0.0002911493737641499 0.11920266593941042
1.285052958951361 0.0003021430299124424 0.11993221814530729
1.3263040482784125 0.0003128419059651459 0.11998143120985437
1.368879326121443 0.00031318221257043484 0.1200726325867061
1.4128212998482448 0.00024279871648100667 0.11955531161533947
1.4581738413425338 0.0002765510723272242 0.11986320833829177
1.5049822308058565 0.00034180985035991236 0.12001385812086546
1.5532932019655652 0.000357109961573052 0.12003368978849063
1.603154988734003 0.0003693242063050885 0.12020223581830503
1.6546173733654816 0.00038063352450650264 0.12006106104441348
1.7077317361591273 0.00039063511493859593 0.12051253199721786
1.7625511067572284 0.0004027848231544679 0.11987791758989495
1.8191302170902892 0.0004141021921200573 0.11998567386816227
1.8775255560216635 0.00042619379787415894 0.11999759055744243
1.937795425746311 0.0004390502754001555 0.11988952147098307
2.0 0.00044969280342684444 0.1205446517345681
2.391626349000804 0.0005001708334270365 0.11991522711597015
2.8599382966174574 0.0006120810861006953 0.12013755037665262
3.419951893353394 0.0007348337212462579 0.11990187874683811
4.0896235302295825 0.0008811999713319216 0.12021983492910226
4.890425696195377 0.0010487540062450989 0.11881235335296415
5.848035476425731 0.0011219537318805121 0.1201384020634206
6.993157867655627 0.0012771586189164832 0.1200128117173182
8.362510309503737 0.0013694550971452813 0.11984665919643302
10.0 0.0014483150308486454 0.11998458775471907
