 mZQ [GeV]  	  gQ   	   Omega h^2  
0.01 0.002876868239875141 0.11969452020415944
0.021147425268811283 0.00596550137251881 0.11944028510402255
0.044721359549995794 0.012901521547088462 0.11953281319190243
0.09457416090031759 0.02834741579050875 0.11933018149652293
0.2 0.061759610115839594 0.11924238280304243
0.23330580791522335 0.05142767704700961 0.12003952305793042
0.2721580000348754 0.028174456539778507 0.12173787491160219
0.31748021039363994 0.0189086549122954 0.11909829426480029
0.3703498849149162 0.01440711418425189 0.11975320293253439
0.4320238955569225 0.01183640358049657 0.11994937635344484
0.5039684199579494 0.010025344177860062 0.11983092822704595
0.5878937969102397 0.008479527335604012 0.12003726548403487
0.6857951862824584 0.006961096732712446 0.11945488604555446
0.8 0.004728556047642032 0.11909454420143657
0.8256805536548243 0.004194901857041328 0.11999852320087993
0.8521854708546714 0.0035106519918155395 0.11982141211657757
0.8795412142398528 0.0029660650105021646 0.11964681378473041
0.9077750959197475 0.002357296605066118 0.11975655246738572
0.9369153047413479 0.0017493303030406014 0.11955204603954628
0.9669909344331431 0.0012098892707496569 0.11913686120789034
0.9980320126524419 0.0007765408172110916 0.11986274626543979
1.0300695309651335 0.00046890005411068806 0.11932103743149769
1.0631354757878206 0.0002567987594018713 0.11851571647605409
1.097262860323216 0.00011796270331265592 0.11803842383765689
1.1324857575206864 7.999564519868393e-05 0.1198815023024428
1.1688393340948542 5.7556957998065305e-05 0.1201467098810254
1.206359885636219 0.00021823224980423506 0.11893909912749687
1.2450848728488548 0.0003350848328208576 0.1192233345733427
1.285052958951361 0.0004121932146784541 0.11998815995404653
1.3263040482784125 0.0004611129276766928 0.12018629969750141
1.368879326121443 0.00048477240188460623 0.11995405157358756
1.4128212998482448 0.00047842929883529705 0.12007522860069353
1.4581738413425338 0.0003224286113546897 0.11878130865776267
1.5049822308058565 0.00015547217466232134 0.11968488301229341
1.5532932019655652 0.0003019762073158406 0.11977336798722212
1.603154988734003 0.0003982819172655323 0.11986552125209025
1.6546173733654816 0.0004374579230687009 0.11992041302864336
1.7077317361591273 0.0004572908187295001 0.11994736151542405
1.7625511067572284 0.00046701408451133475 0.12000212332635198
1.8191302170902892 0.000470919707956049 0.12004005825842794
1.8775255560216635 0.0004729223063757589 0.12001753996580926
1.937795425746311 0.00047682683651775753 0.12011648379930238
2.0 0.0004888302965638983 0.1192230091072488
2.391626349000804 0.0003620595129645459 0.11991139617700511
2.8599382966174574 0.000505728751257428 0.12023243682179384
3.419951893353394 0.0006031106923838034 0.11990501037691266
4.0896235302295825 0.0007180595907876 0.11998751618591821
4.890425696195377 0.0008597701231613081 0.11849954374266475
5.848035476425731 0.0008770555397700703 0.11984666475621673
6.993157867655627 0.0010293795495419794 0.12007049635057775
8.362510309503737 0.0011743444610908915 0.11987736160584844
10.0 0.0012885247154504936 0.12006403404287669
